   9.8819441552606053E-006
   9.8858758224791067E-006
   9.8903042293170503E-006
   9.8902482680505204E-006
   9.8868980503178208E-006
   9.8839617610918212E-006
   9.8778311497407938E-006
   9.8739952407312701E-006
   9.8671044773352632E-006
   9.8648311475319456E-006
   9.8655814353488655E-006
   9.8678428339389229E-006
   9.8701110386826571E-006
   9.8684027947266662E-006
   9.8613494388078144E-006
   9.8589962855098858E-006
   9.8648005602438755E-006
   9.8739538752513777E-006
   9.8986662161120667E-006
   9.9096776036522903E-006
   9.9196046572002887E-006
   9.9168665030375329E-006
   9.8989791395777826E-006
   9.8859381812061619E-006
   9.8598085689500777E-006
   9.8486375313778579E-006
   9.8342438969045098E-006
   9.8318431653486991E-006
   9.8375563816968596E-006
   9.8453726065285508E-006
   9.8655173589154396E-006
   9.8777762247136852E-006
   9.8985829313845618E-006
   9.9079816065193043E-006
   9.9180388343618235E-006
   9.9191660428871570E-006
   9.9128573291479234E-006
   9.9051388034232053E-006
   9.8875813816417597E-006
   9.8763299291967779E-006
   9.8583550626711518E-006
   9.8493856198298523E-006
   9.8387337573017613E-006
   9.8361902578018010E-006
   9.8402041719736553E-006
   9.8483380323726040E-006
   9.8703166062400081E-006
   9.8857496846589064E-006
   9.9112481874517342E-006
   9.9218771732623641E-006
   9.9299448663384832E-006
   9.9280249972059506E-006
   9.9154195285340497E-006
   9.9051026205191219E-006
   9.8849355581831044E-006
   9.8738817645909342E-006
   9.8568754727990583E-006
   9.8492596877041985E-006
   9.8415361859387217E-006
   9.8411996912440968E-006
   9.8486444792042088E-006
   9.8579199951397290E-006
   9.8782338927983288E-006
   9.8908856548658789E-006
   9.9087004627019716E-006
   9.9153836857710371E-006
   9.9181346736162061E-006
   9.9150144712048596E-006
   9.9041139575081980E-006
   9.8958412583822369E-006
   9.8819386791879274E-006
   9.8746789574516120E-006
   9.8651125360154807E-006
   9.8610011769267668E-006
   9.8569523882801836E-006
   9.8565533883739317E-006
   9.8603946257177968E-006
   9.8657329948784539E-006
   9.8792323268174706E-006
   9.8886210499394731E-006
   9.9029070763283518E-006
   9.9085853827765395E-006
   9.9114276201764026E-006
   9.9093988407253723E-006
   9.9023552332793675E-006
   9.8975235905998170E-006
   9.8905226141977624E-006
   9.8870920465229513E-006
   9.8818817512170113E-006
   9.8786214228311678E-006
   9.8735075265002305E-006
   9.8714337371858610E-006
   9.8716610527484845E-006
   9.8744727742368810E-006
   9.8825095734901709E-006
   9.8881689566526923E-006
   9.8957876827952379E-006
   9.8984490454545262E-006
   9.8994688433871106E-006
   9.8987529531199914E-006
   9.8970668074364414E-006
   9.8961841578516521E-006
   9.8946743012365926E-006
   9.8931531029775005E-006
   9.8889913443835200E-006
   9.8856020655581575E-006
   9.8802810997138085E-006
   9.8781718855284182E-006
   9.8778469770354536E-006
   9.8794866358744564E-006
   9.8837937969534907E-006
   9.8865141057521203E-006
   9.8898229692156050E-006
   9.8911061099179263E-006
   9.8926304228849609E-006
   9.8936602630873428E-006
   9.8956879387599834E-006
   9.8968773470683489E-006
   9.8977284945597240E-006
   9.8972268165085837E-006
   9.8948450929839078E-006
   9.8928808281799489E-006
   9.8902865963681977E-006
   9.8896002717493971E-006
   9.8903275516632951E-006
   9.8916618136971309E-006
   9.8941754814398349E-006
   9.8955159674063238E-006
   9.8968465209234591E-006
   9.8973665994715695E-006
   9.8983198013135427E-006
   9.8993368940085208E-006
   9.9014871230594295E-006
   9.9028715049034416E-006
   9.9040120140834134E-006
   9.9037266240967309E-006
   9.9018390235825770E-006
   9.9001733554993908E-006
   9.8982185878889146E-006
   9.8978072330598935E-006
   9.8985161672666494E-006
   9.8993550390172707E-006
   9.9001341245106363E-006
   9.8999439284322942E-006
   9.8988620148643157E-006
   9.8981998865366057E-006
   9.8982861935042192E-006
   9.8992747833599449E-006
   9.9015871034860077E-006
   9.9029761844078878E-006
   9.9037882921534445E-006
   9.9033508431802050E-006
   9.9019844548670762E-006
   9.9013181878966957E-006
   9.9016639767207753E-006
   9.9028568802950393E-006
   9.9051739240906744E-006
   9.9064883570104498E-006
   9.9072173973359054E-006
   9.9070199462002889E-006
   9.9066314159922198E-006
   9.9069553251767603E-006
   9.9087235004842824E-006
   9.9106769960521237E-006
   9.9132977372547436E-006
   9.9144478483095120E-006
   9.9146367118959540E-006
   9.9140512740119226E-006
   9.9133067264288185E-006
   9.9133378351923821E-006
   9.9144125796198031E-006
   9.9155063429397675E-006
   9.9164539280302514E-006
   9.9162868735833020E-006
   9.9149789050426040E-006
   9.9137380325317439E-006
   9.9127375864709899E-006
   9.9128796655375633E-006
   9.9141357630896405E-006
   9.9153085571350960E-006
   9.9164277623181102E-006
   9.9166307062571095E-006
   9.9163878995632539E-006
   9.9163633091183206E-006
   9.9173510977690713E-006
   9.9191278592137860E-006
   9.9223379677876543E-006
   9.9250612271402950E-006
   9.9280934406949641E-006
   9.9301185449517511E-006
   9.9325658804344901E-006
   9.9351220131700148E-006
   9.9395079092667562E-006
   9.9442207819844220E-006
   9.9508261252307168E-006
   9.9564339483866485E-006
   9.9629844893520524E-006
   9.9681890986599231E-006
   9.9745962219252530E-006
   9.9807331484034159E-006
   9.9895337594624241E-006
   9.9985620952856624E-006
   1.0008913222578628E-005
   1.0015493020934994E-005
   1.0030506194343046E-005
   1.0032452282563182E-005
   1.0053344845468829E-005
   1.0122472456013670E-005
   1.0242524203985938E-005
   1.0419356054068331E-005
   1.0601902273732156E-005
   1.0775827305715707E-005
   1.0944575116365412E-005
   1.1079772003550479E-005
   1.1186612888106756E-005
   1.1158057837051274E-005
   1.0701953417784090E-005
