   7.5979918908270785E-006
   7.5756409746597664E-006
   7.5286639478554120E-006
   7.5965910871185598E-006
   7.6673476493935067E-006
   7.6066410779727064E-006
   7.5098038640734684E-006
   7.5636822984889414E-006
   7.5745943061339436E-006
   7.5829392001175459E-006
   7.5577685058664362E-006
   7.5692770026492786E-006
   7.5767615352281813E-006
   7.6088610989534400E-006
   7.5726100570470523E-006
   7.5326189784486849E-006
   7.5341273719178626E-006
   7.5779827554632257E-006
   7.6058842179415569E-006
   7.5845475731105307E-006
   7.5769374520917118E-006
   7.5501132277488802E-006
   7.5669746536312403E-006
   7.5814721573875801E-006
   7.5780544268917309E-006
   7.5578368883494696E-006
   7.5652772477896900E-006
   7.5796676593632782E-006
   7.5795981222409055E-006
   7.5648015607457394E-006
   7.5496831443245912E-006
   7.5640092409430776E-006
   7.5722852066138459E-006
   7.5937694705655347E-006
   7.5683781618737747E-006
   7.5454750394247521E-006
   7.5487067212667870E-006
   7.5735165922061810E-006
   7.5745536331975604E-006
   7.5615192909728502E-006
   7.5594870841419080E-006
   7.5603321952319857E-006
   7.5652119671359961E-006
   7.5606616051679970E-006
   7.5560761759265389E-006
   7.5484478526672188E-006
   7.5638631614590700E-006
   7.5751570972064198E-006
   7.5717886724349409E-006
   7.5499678312004652E-006
   7.5507053747290122E-006
   7.5683084808580226E-006
   7.5706599568189811E-006
   7.5639006179661179E-006
   7.5556883104215205E-006
   7.5554316827547852E-006
   7.5574897794319414E-006
   7.5593973758079037E-006
   7.5486837276378812E-006
   7.5478985201410139E-006
   7.5526424015423885E-006
   7.5607596095012241E-006
   7.5451578541527869E-006
   7.5335645307198942E-006
   7.5381853807739179E-006
   7.5571967410510339E-006
   7.5587796290621477E-006
   7.5467473175190030E-006
   7.5446204433162909E-006
   7.5485117171235227E-006
   7.5582449873099367E-006
   7.5544724882394211E-006
   7.5467719930235939E-006
   7.5374024971222151E-006
   7.5497131102418968E-006
   7.5537898991900881E-006
   7.5443562800857612E-006
   7.5240929544210984E-006
   7.5308489626672920E-006
   7.5500293527655309E-006
   7.5521112457226420E-006
   7.5337383752439730E-006
   7.5181746901455835E-006
   7.5323727370684536E-006
   7.5465570449162909E-006
   7.5515733860257723E-006
   7.5344673864929466E-006
   7.5296528826622595E-006
   7.5359622964189230E-006
   7.5486610265174661E-006
   7.5434024182828308E-006
   7.5243917194468019E-006
   7.5179947017317890E-006
   7.5270277606435130E-006
   7.5438903834579622E-006
   7.5304484852500165E-006
   7.5140320639993578E-006
   7.5075550623539342E-006
   7.5273993855405018E-006
   7.5535870747448684E-006
   7.5699249995810213E-006
   7.5643745516121376E-006
   7.5754386540952372E-006
   7.5912611818254550E-006
   7.6333682672513712E-006
   7.6620279090162258E-006
   7.6339225687289104E-006
   7.7197189309786346E-006
   7.6622664760766381E-006
   7.5031656149287890E-006
   7.2878241067141410E-006
   7.0715272293238541E-006
   6.8914175751880334E-006
   6.6532941374354415E-006
   6.1645933305829048E-006
   6.0796887918588949E-006
   5.9469875376305415E-006
   5.5838678383178419E-006
   5.2765320326538641E-006
   4.9873861313975131E-006
   4.3362489866049718E-006
   4.3472900194989339E-006
