   0.0000000e+00
   4.2950384e-03
   8.5894300e-03
   1.2882528e-02
   1.7173686e-02
   2.1462258e-02
   2.5747597e-02
   3.0029059e-02
   3.4305999e-02
   3.8577773e-02
   4.2843736e-02
   4.7103248e-02
   5.1355666e-02
   5.5600350e-02
   5.9836661e-02
   6.4063961e-02
   6.8281613e-02
   7.2488982e-02
   7.6685434e-02
   8.0870338e-02
   8.5043063e-02
   8.9202981e-02
   9.3349465e-02
   9.7481891e-02
   1.0159964e-01
   1.0570208e-01
   1.0978861e-01
   1.1385860e-01
   1.1791145e-01
   1.2194654e-01
   1.2596326e-01
   1.2996102e-01
   1.3393920e-01
   1.3789721e-01
   1.4183446e-01
   1.4575035e-01
   1.4964428e-01
   1.5351568e-01
   1.5736397e-01
   1.6118855e-01
   1.6498886e-01
   1.6876432e-01
   1.7251437e-01
   1.7623843e-01
   1.7993596e-01
   1.8360639e-01
   1.8724917e-01
   1.9086375e-01
   1.9444958e-01
   1.9800613e-01
   2.0153287e-01
   2.0502925e-01
   2.0849476e-01
   2.1192886e-01
   2.1533106e-01
   2.1870082e-01
   2.2203765e-01
   2.2534104e-01
   2.2861050e-01
   2.3184552e-01
   2.3504563e-01
   2.3821035e-01
   2.4133919e-01
   2.4443169e-01
   2.4748737e-01
   2.5050579e-01
   2.5348648e-01
   2.5642900e-01
   2.5933289e-01
   2.6219774e-01
   2.6502310e-01
   2.6780854e-01
   2.7055366e-01
   2.7325803e-01
   2.7592125e-01
   2.7854292e-01
   2.8112264e-01
   2.8366002e-01
   2.8615468e-01
   2.8860626e-01
   2.9101436e-01
   2.9337865e-01
   2.9569875e-01
   2.9797432e-01
   3.0020501e-01
   3.0239050e-01
   3.0453045e-01
   3.0662453e-01
   3.0867244e-01
   3.1067387e-01
   3.1262851e-01
   3.1453606e-01
   3.1639625e-01
   3.1820879e-01
   3.1997341e-01
   3.2168985e-01
   3.2335784e-01
   3.2497713e-01
   3.2654748e-01
   3.2806865e-01
   3.2954042e-01
   3.3096256e-01
   3.3233486e-01
   3.3365711e-01
   3.3492912e-01
   3.3615068e-01
   3.3732162e-01
   3.3844176e-01
   3.3951094e-01
   3.4052898e-01
   3.4149575e-01
   3.4241108e-01
   3.4327485e-01
   3.4408692e-01
   3.4484717e-01
   3.4555550e-01
   3.4621178e-01
   3.4681592e-01
   3.4736784e-01
   3.4786744e-01
   3.4831465e-01
   3.4870941e-01
   3.4905166e-01
   3.4934134e-01
   3.4957841e-01
   3.4976283e-01
   3.4989459e-01
   3.4997365e-01
   3.5000000e-01
   3.4997365e-01
   3.4989459e-01
   3.4976283e-01
   3.4957841e-01
   3.4934134e-01
   3.4905166e-01
   3.4870941e-01
   3.4831465e-01
   3.4786744e-01
   3.4736784e-01
   3.4681592e-01
   3.4621178e-01
   3.4555550e-01
   3.4484717e-01
   3.4408692e-01
   3.4327485e-01
   3.4241108e-01
   3.4149575e-01
   3.4052898e-01
   3.3951094e-01
   3.3844176e-01
   3.3732162e-01
   3.3615068e-01
   3.3492912e-01
   3.3365711e-01
   3.3233486e-01
   3.3096256e-01
   3.2954042e-01
   3.2806865e-01
   3.2654748e-01
   3.2497713e-01
   3.2335784e-01
   3.2168985e-01
   3.1997341e-01
   3.1820879e-01
   3.1639625e-01
   3.1453606e-01
   3.1262851e-01
   3.1067387e-01
   3.0867244e-01
   3.0662453e-01
   3.0453045e-01
   3.0239050e-01
   3.0020501e-01
   2.9797432e-01
   2.9569875e-01
   2.9337865e-01
   2.9101436e-01
   2.8860626e-01
   2.8615468e-01
   2.8366002e-01
   2.8112264e-01
   2.7854292e-01
   2.7592125e-01
   2.7325803e-01
   2.7055366e-01
   2.6780854e-01
   2.6502310e-01
   2.6219774e-01
   2.5933289e-01
   2.5642900e-01
   2.5348648e-01
   2.5050579e-01
   2.4748737e-01
   2.4443169e-01
   2.4133919e-01
   2.3821035e-01
   2.3504563e-01
   2.3184552e-01
   2.2861050e-01
   2.2534104e-01
   2.2203765e-01
   2.1870082e-01
   2.1533106e-01
   2.1192886e-01
   2.0849476e-01
   2.0502925e-01
   2.0153287e-01
   1.9800613e-01
   1.9444958e-01
   1.9086375e-01
   1.8724917e-01
   1.8360639e-01
   1.7993596e-01
   1.7623843e-01
   1.7251437e-01
   1.6876432e-01
   1.6498886e-01
   1.6118855e-01
   1.5736397e-01
   1.5351568e-01
   1.4964428e-01
   1.4575035e-01
   1.4183446e-01
   1.3789721e-01
   1.3393920e-01
   1.2996102e-01
   1.2596326e-01
   1.2194654e-01
   1.1791145e-01
   1.1385860e-01
   1.0978861e-01
   1.0570208e-01
   1.0159964e-01
   9.7481891e-02
   9.3349465e-02
   8.9202981e-02
   8.5043063e-02
   8.0870338e-02
   7.6685434e-02
   7.2488982e-02
   6.8281613e-02
   6.4063961e-02
   5.9836661e-02
   5.5600350e-02
   5.1355666e-02
   4.7103248e-02
   4.2843736e-02
   3.8577773e-02
   3.4305999e-02
   3.0029059e-02
   2.5747597e-02
   2.1462258e-02
   1.7173686e-02
   1.2882528e-02
   8.5894300e-03
   4.2950384e-03
   4.2862638e-17
  -4.2950384e-03
  -8.5894300e-03
  -1.2882528e-02
  -1.7173686e-02
  -2.1462258e-02
  -2.5747597e-02
  -3.0029059e-02
  -3.4305999e-02
  -3.8577773e-02
  -4.2843736e-02
  -4.7103248e-02
  -5.1355666e-02
  -5.5600350e-02
  -5.9836661e-02
  -6.4063961e-02
  -6.8281613e-02
  -7.2488982e-02
  -7.6685434e-02
  -8.0870338e-02
  -8.5043063e-02
  -8.9202981e-02
  -9.3349465e-02
  -9.7481891e-02
  -1.0159964e-01
  -1.0570208e-01
  -1.0978861e-01
  -1.1385860e-01
  -1.1791145e-01
  -1.2194654e-01
  -1.2596326e-01
  -1.2996102e-01
  -1.3393920e-01
  -1.3789721e-01
  -1.4183446e-01
  -1.4575035e-01
  -1.4964428e-01
  -1.5351568e-01
  -1.5736397e-01
  -1.6118855e-01
  -1.6498886e-01
  -1.6876432e-01
  -1.7251437e-01
  -1.7623843e-01
  -1.7993596e-01
  -1.8360639e-01
  -1.8724917e-01
  -1.9086375e-01
  -1.9444958e-01
  -1.9800613e-01
  -2.0153287e-01
  -2.0502925e-01
  -2.0849476e-01
  -2.1192886e-01
  -2.1533106e-01
  -2.1870082e-01
  -2.2203765e-01
  -2.2534104e-01
  -2.2861050e-01
  -2.3184552e-01
  -2.3504563e-01
  -2.3821035e-01
  -2.4133919e-01
  -2.4443169e-01
  -2.4748737e-01
  -2.5050579e-01
  -2.5348648e-01
  -2.5642900e-01
  -2.5933289e-01
  -2.6219774e-01
  -2.6502310e-01
  -2.6780854e-01
  -2.7055366e-01
  -2.7325803e-01
  -2.7592125e-01
  -2.7854292e-01
  -2.8112264e-01
  -2.8366002e-01
  -2.8615468e-01
  -2.8860626e-01
  -2.9101436e-01
  -2.9337865e-01
  -2.9569875e-01
  -2.9797432e-01
  -3.0020501e-01
  -3.0239050e-01
  -3.0453045e-01
  -3.0662453e-01
  -3.0867244e-01
  -3.1067387e-01
  -3.1262851e-01
  -3.1453606e-01
  -3.1639625e-01
  -3.1820879e-01
  -3.1997341e-01
  -3.2168985e-01
  -3.2335784e-01
  -3.2497713e-01
  -3.2654748e-01
  -3.2806865e-01
  -3.2954042e-01
  -3.3096256e-01
  -3.3233486e-01
  -3.3365711e-01
  -3.3492912e-01
  -3.3615068e-01
  -3.3732162e-01
  -3.3844176e-01
  -3.3951094e-01
  -3.4052898e-01
  -3.4149575e-01
  -3.4241108e-01
  -3.4327485e-01
  -3.4408692e-01
  -3.4484717e-01
  -3.4555550e-01
  -3.4621178e-01
  -3.4681592e-01
  -3.4736784e-01
  -3.4786744e-01
  -3.4831465e-01
  -3.4870941e-01
  -3.4905166e-01
  -3.4934134e-01
  -3.4957841e-01
  -3.4976283e-01
  -3.4989459e-01
  -3.4997365e-01
  -3.5000000e-01
  -3.4997365e-01
  -3.4989459e-01
  -3.4976283e-01
  -3.4957841e-01
  -3.4934134e-01
  -3.4905166e-01
  -3.4870941e-01
  -3.4831465e-01
  -3.4786744e-01
  -3.4736784e-01
  -3.4681592e-01
  -3.4621178e-01
  -3.4555550e-01
  -3.4484717e-01
  -3.4408692e-01
  -3.4327485e-01
  -3.4241108e-01
  -3.4149575e-01
  -3.4052898e-01
  -3.3951094e-01
  -3.3844176e-01
  -3.3732162e-01
  -3.3615068e-01
  -3.3492912e-01
  -3.3365711e-01
  -3.3233486e-01
  -3.3096256e-01
  -3.2954042e-01
  -3.2806865e-01
  -3.2654748e-01
  -3.2497713e-01
  -3.2335784e-01
  -3.2168985e-01
  -3.1997341e-01
  -3.1820879e-01
  -3.1639625e-01
  -3.1453606e-01
  -3.1262851e-01
  -3.1067387e-01
  -3.0867244e-01
  -3.0662453e-01
  -3.0453045e-01
  -3.0239050e-01
  -3.0020501e-01
  -2.9797432e-01
  -2.9569875e-01
  -2.9337865e-01
  -2.9101436e-01
  -2.8860626e-01
  -2.8615468e-01
  -2.8366002e-01
  -2.8112264e-01
  -2.7854292e-01
  -2.7592125e-01
  -2.7325803e-01
  -2.7055366e-01
  -2.6780854e-01
  -2.6502310e-01
  -2.6219774e-01
  -2.5933289e-01
  -2.5642900e-01
  -2.5348648e-01
  -2.5050579e-01
  -2.4748737e-01
  -2.4443169e-01
  -2.4133919e-01
  -2.3821035e-01
  -2.3504563e-01
  -2.3184552e-01
  -2.2861050e-01
  -2.2534104e-01
  -2.2203765e-01
  -2.1870082e-01
  -2.1533106e-01
  -2.1192886e-01
  -2.0849476e-01
  -2.0502925e-01
  -2.0153287e-01
  -1.9800613e-01
  -1.9444958e-01
  -1.9086375e-01
  -1.8724917e-01
  -1.8360639e-01
  -1.7993596e-01
  -1.7623843e-01
  -1.7251437e-01
  -1.6876432e-01
  -1.6498886e-01
  -1.6118855e-01
  -1.5736397e-01
  -1.5351568e-01
  -1.4964428e-01
  -1.4575035e-01
  -1.4183446e-01
  -1.3789721e-01
  -1.3393920e-01
  -1.2996102e-01
  -1.2596326e-01
  -1.2194654e-01
  -1.1791145e-01
  -1.1385860e-01
  -1.0978861e-01
  -1.0570208e-01
  -1.0159964e-01
  -9.7481891e-02
  -9.3349465e-02
  -8.9202981e-02
  -8.5043063e-02
  -8.0870338e-02
  -7.6685434e-02
  -7.2488982e-02
  -6.8281613e-02
  -6.4063961e-02
  -5.9836661e-02
  -5.5600350e-02
  -5.1355666e-02
  -4.7103248e-02
  -4.2843736e-02
  -3.8577773e-02
  -3.4305999e-02
  -3.0029059e-02
  -2.5747597e-02
  -2.1462258e-02
  -1.7173686e-02
  -1.2882528e-02
  -8.5894300e-03
  -4.2950384e-03
