   0.0000000e+00
   1.2271846e-02
   2.4543693e-02
   3.6815539e-02
   4.9087385e-02
   6.1359232e-02
   7.3631078e-02
   8.5902924e-02
   9.8174770e-02
   1.1044662e-01
   1.2271846e-01
   1.3499031e-01
   1.4726216e-01
   1.5953400e-01
   1.7180585e-01
   1.8407769e-01
   1.9634954e-01
   2.0862139e-01
   2.2089323e-01
   2.3316508e-01
   2.4543693e-01
   2.5770877e-01
   2.6998062e-01
   2.8225246e-01
   2.9452431e-01
   3.0679616e-01
   3.1906800e-01
   3.3133985e-01
   3.4361170e-01
   3.5588354e-01
   3.6815539e-01
   3.8042724e-01
   3.9269908e-01
   4.0497093e-01
   4.1724277e-01
   4.2951462e-01
   4.4178647e-01
   4.5405831e-01
   4.6633016e-01
   4.7860201e-01
   4.9087385e-01
   5.0314570e-01
   5.1541754e-01
   5.2768939e-01
   5.3996124e-01
   5.5223308e-01
   5.6450493e-01
   5.7677678e-01
   5.8904862e-01
   6.0132047e-01
   6.1359232e-01
   6.2586416e-01
   6.3813601e-01
   6.5040785e-01
   6.6267970e-01
   6.7495155e-01
   6.8722339e-01
   6.9949524e-01
   7.1176709e-01
   7.2403893e-01
   7.3631078e-01
   7.4858262e-01
   7.6085447e-01
   7.7312632e-01
   7.8539816e-01
   7.9767001e-01
   8.0994186e-01
   8.2221370e-01
   8.3448555e-01
   8.4675739e-01
   8.5902924e-01
   8.7130109e-01
   8.8357293e-01
   8.9584478e-01
   9.0811663e-01
   9.2038847e-01
   9.3266032e-01
   9.4493217e-01
   9.5720401e-01
   9.6947586e-01
   9.8174770e-01
   9.9401955e-01
   1.0062914e+00
   1.0185632e+00
   1.0308351e+00
   1.0431069e+00
   1.0553788e+00
   1.0676506e+00
   1.0799225e+00
   1.0921943e+00
   1.1044662e+00
   1.1167380e+00
   1.1290099e+00
   1.1412817e+00
   1.1535536e+00
   1.1658254e+00
   1.1780972e+00
   1.1903691e+00
   1.2026409e+00
   1.2149128e+00
   1.2271846e+00
   1.2394565e+00
   1.2517283e+00
   1.2640002e+00
   1.2762720e+00
   1.2885439e+00
   1.3008157e+00
   1.3130876e+00
   1.3253594e+00
   1.3376312e+00
   1.3499031e+00
   1.3621749e+00
   1.3744468e+00
   1.3867186e+00
   1.3989905e+00
   1.4112623e+00
   1.4235342e+00
   1.4358060e+00
   1.4480779e+00
   1.4603497e+00
   1.4726216e+00
   1.4848934e+00
   1.4971652e+00
   1.5094371e+00
   1.5217089e+00
   1.5339808e+00
   1.5462526e+00
   1.5585245e+00
   1.5707963e+00
   1.5830682e+00
   1.5953400e+00
   1.6076119e+00
   1.6198837e+00
   1.6321556e+00
   1.6444274e+00
   1.6566993e+00
   1.6689711e+00
   1.6812429e+00
   1.6935148e+00
   1.7057866e+00
   1.7180585e+00
   1.7303303e+00
   1.7426022e+00
   1.7548740e+00
   1.7671459e+00
   1.7794177e+00
   1.7916896e+00
   1.8039614e+00
   1.8162333e+00
   1.8285051e+00
   1.8407769e+00
   1.8530488e+00
   1.8653206e+00
   1.8775925e+00
   1.8898643e+00
   1.9021362e+00
   1.9144080e+00
   1.9266799e+00
   1.9389517e+00
   1.9512236e+00
   1.9634954e+00
   1.9757673e+00
   1.9880391e+00
   2.0003109e+00
   2.0125828e+00
   2.0248546e+00
   2.0371265e+00
   2.0493983e+00
   2.0616702e+00
   2.0739420e+00
   2.0862139e+00
   2.0984857e+00
   2.1107576e+00
   2.1230294e+00
   2.1353013e+00
   2.1475731e+00
   2.1598449e+00
   2.1721168e+00
   2.1843886e+00
   2.1966605e+00
   2.2089323e+00
   2.2212042e+00
   2.2334760e+00
   2.2457479e+00
   2.2580197e+00
   2.2702916e+00
   2.2825634e+00
   2.2948353e+00
   2.3071071e+00
   2.3193790e+00
   2.3316508e+00
   2.3439226e+00
   2.3561945e+00
   2.3684663e+00
   2.3807382e+00
   2.3930100e+00
   2.4052819e+00
   2.4175537e+00
   2.4298256e+00
   2.4420974e+00
   2.4543693e+00
   2.4666411e+00
   2.4789130e+00
   2.4911848e+00
   2.5034566e+00
   2.5157285e+00
   2.5280003e+00
   2.5402722e+00
   2.5525440e+00
   2.5648159e+00
   2.5770877e+00
   2.5893596e+00
   2.6016314e+00
   2.6139033e+00
   2.6261751e+00
   2.6384470e+00
   2.6507188e+00
   2.6629906e+00
   2.6752625e+00
   2.6875343e+00
   2.6998062e+00
   2.7120780e+00
   2.7243499e+00
   2.7366217e+00
   2.7488936e+00
   2.7611654e+00
   2.7734373e+00
   2.7857091e+00
   2.7979810e+00
   2.8102528e+00
   2.8225246e+00
   2.8347965e+00
   2.8470683e+00
   2.8593402e+00
   2.8716120e+00
   2.8838839e+00
   2.8961557e+00
   2.9084276e+00
   2.9206994e+00
   2.9329713e+00
   2.9452431e+00
   2.9575150e+00
   2.9697868e+00
   2.9820587e+00
   2.9943305e+00
   3.0066023e+00
   3.0188742e+00
   3.0311460e+00
   3.0434179e+00
   3.0556897e+00
   3.0679616e+00
   3.0802334e+00
   3.0925053e+00
   3.1047771e+00
   3.1170490e+00
   3.1293208e+00
   3.1415927e+00
   3.1538645e+00
   3.1661363e+00
   3.1784082e+00
   3.1906800e+00
   3.2029519e+00
   3.2152237e+00
   3.2274956e+00
   3.2397674e+00
   3.2520393e+00
   3.2643111e+00
   3.2765830e+00
   3.2888548e+00
   3.3011267e+00
   3.3133985e+00
   3.3256703e+00
   3.3379422e+00
   3.3502140e+00
   3.3624859e+00
   3.3747577e+00
   3.3870296e+00
   3.3993014e+00
   3.4115733e+00
   3.4238451e+00
   3.4361170e+00
   3.4483888e+00
   3.4606607e+00
   3.4729325e+00
   3.4852044e+00
   3.4974762e+00
   3.5097480e+00
   3.5220199e+00
   3.5342917e+00
   3.5465636e+00
   3.5588354e+00
   3.5711073e+00
   3.5833791e+00
   3.5956510e+00
   3.6079228e+00
   3.6201947e+00
   3.6324665e+00
   3.6447384e+00
   3.6570102e+00
   3.6692820e+00
   3.6815539e+00
   3.6938257e+00
   3.7060976e+00
   3.7183694e+00
   3.7306413e+00
   3.7429131e+00
   3.7551850e+00
   3.7674568e+00
   3.7797287e+00
   3.7920005e+00
   3.8042724e+00
   3.8165442e+00
   3.8288160e+00
   3.8410879e+00
   3.8533597e+00
   3.8656316e+00
   3.8779034e+00
   3.8901753e+00
   3.9024471e+00
   3.9147190e+00
   3.9269908e+00
   3.9392627e+00
   3.9515345e+00
   3.9638064e+00
   3.9760782e+00
   3.9883500e+00
   4.0006219e+00
   4.0128937e+00
   4.0251656e+00
   4.0374374e+00
   4.0497093e+00
   4.0619811e+00
   4.0742530e+00
   4.0865248e+00
   4.0987967e+00
   4.1110685e+00
   4.1233404e+00
   4.1356122e+00
   4.1478841e+00
   4.1601559e+00
   4.1724277e+00
   4.1846996e+00
   4.1969714e+00
   4.2092433e+00
   4.2215151e+00
   4.2337870e+00
   4.2460588e+00
   4.2583307e+00
   4.2706025e+00
   4.2828744e+00
   4.2951462e+00
   4.3074181e+00
   4.3196899e+00
   4.3319617e+00
   4.3442336e+00
   4.3565054e+00
   4.3687773e+00
   4.3810491e+00
   4.3933210e+00
   4.4055928e+00
   4.4178647e+00
   4.4301365e+00
   4.4424084e+00
   4.4546802e+00
   4.4669521e+00
   4.4792239e+00
   4.4914957e+00
   4.5037676e+00
   4.5160394e+00
   4.5283113e+00
   4.5405831e+00
   4.5528550e+00
   4.5651268e+00
   4.5773987e+00
   4.5896705e+00
   4.6019424e+00
   4.6142142e+00
   4.6264861e+00
   4.6387579e+00
   4.6510297e+00
   4.6633016e+00
   4.6755734e+00
   4.6878453e+00
   4.7001171e+00
   4.7123890e+00
   4.7246608e+00
   4.7369327e+00
   4.7492045e+00
   4.7614764e+00
   4.7737482e+00
   4.7860201e+00
   4.7982919e+00
   4.8105638e+00
   4.8228356e+00
   4.8351074e+00
   4.8473793e+00
   4.8596511e+00
   4.8719230e+00
   4.8841948e+00
   4.8964667e+00
   4.9087385e+00
   4.9210104e+00
   4.9332822e+00
   4.9455541e+00
   4.9578259e+00
   4.9700978e+00
   4.9823696e+00
   4.9946414e+00
   5.0069133e+00
   5.0191851e+00
   5.0314570e+00
   5.0437288e+00
   5.0560007e+00
   5.0682725e+00
   5.0805444e+00
   5.0928162e+00
   5.1050881e+00
   5.1173599e+00
   5.1296318e+00
   5.1419036e+00
   5.1541754e+00
   5.1664473e+00
   5.1787191e+00
   5.1909910e+00
   5.2032628e+00
   5.2155347e+00
   5.2278065e+00
   5.2400784e+00
   5.2523502e+00
   5.2646221e+00
   5.2768939e+00
   5.2891658e+00
   5.3014376e+00
   5.3137094e+00
   5.3259813e+00
   5.3382531e+00
   5.3505250e+00
   5.3627968e+00
   5.3750687e+00
   5.3873405e+00
   5.3996124e+00
   5.4118842e+00
   5.4241561e+00
   5.4364279e+00
   5.4486998e+00
   5.4609716e+00
   5.4732435e+00
   5.4855153e+00
   5.4977871e+00
   5.5100590e+00
   5.5223308e+00
   5.5346027e+00
   5.5468745e+00
   5.5591464e+00
   5.5714182e+00
   5.5836901e+00
   5.5959619e+00
   5.6082338e+00
   5.6205056e+00
   5.6327775e+00
   5.6450493e+00
   5.6573211e+00
   5.6695930e+00
   5.6818648e+00
   5.6941367e+00
   5.7064085e+00
   5.7186804e+00
   5.7309522e+00
   5.7432241e+00
   5.7554959e+00
   5.7677678e+00
   5.7800396e+00
   5.7923115e+00
   5.8045833e+00
   5.8168551e+00
   5.8291270e+00
   5.8413988e+00
   5.8536707e+00
   5.8659425e+00
   5.8782144e+00
   5.8904862e+00
   5.9027581e+00
   5.9150299e+00
   5.9273018e+00
   5.9395736e+00
   5.9518455e+00
   5.9641173e+00
   5.9763891e+00
   5.9886610e+00
   6.0009328e+00
   6.0132047e+00
   6.0254765e+00
   6.0377484e+00
   6.0500202e+00
   6.0622921e+00
   6.0745639e+00
   6.0868358e+00
   6.0991076e+00
   6.1113795e+00
   6.1236513e+00
   6.1359232e+00
   6.1481950e+00
   6.1604668e+00
   6.1727387e+00
   6.1850105e+00
   6.1972824e+00
   6.2095542e+00
   6.2218261e+00
   6.2340979e+00
   6.2463698e+00
   6.2586416e+00
   6.2709135e+00
